问题陈述
给你一个H乘W的矩阵A，由0到26之间的整数组成。从上面第i行和左边第j列的元素是A_{i,j}。
让S_1, S_2, ..., S_H是长度为W的H个字符串，满足以下条件。
如果A_{i,j}为0，则S_i的第j个字符为句点（.），否则为A_{i,j}的第1个大写英文字母。(例如，第4个字母是D)。
依次打印S_1, S_2, ..., S_H。

限制条件
1 ≦ H ≦ 100
1 ≦ W ≦ 100
0 ≦ A_{i,j} ≦ 26
输入的所有数值都是整数。

输入
输入是由标准输入提供的，其格式如下：
H W
A_{1,1} A_{1,2} ...A_{1,W}
A_{2,1} A_{2,2} ...A_{2,W}
.
.
.
A_{H,1} A_{H,2} ...A_{H,W}

输出
打印H行。第i行应该包含S_i。

输入样本 1
2 3
0 1 2
0 0 3

样本输出1
.AB
..C
我们有S_1=.AB和S_2=.C，按顺序打印这些。

输入样本 2
3 3
24 0 0
0 25 0
0 0 26

样本输出2
X..
.Y.
..Z

样本输入3
3 1
2
9
4

样本输出3
B
I
D

采样输入4
24 60

0 0 0 0 0 0 0 0 0 0 0 0 0 0 0 0 0 0 0 13 13 14 0 0 0 10 0 0 0 0 0 15 24 14 0 0 0 0 0 0 0 0 0 0 0 0 0 0 0 0 0 0 0 0 0 0 0 0 0 0
0 0 0 0 0 0 0 0 0 0 0 0 0 0 0 0 0 13 23 7 25 24 13 10 0 10 12 0 0 0 0 19 9 23 0 0 0 0 10 10 14 0 0 0 10 14 0 0 0 0 0 0 0 0 0 0 0 0 0 0
0 0 0 0 0 0 0 0 0 0 0 0 0 0 0 9 13 5 0 0 23 11 14 14 0 0 12 9 1 21 19 0 0 9 12 10 25 3 10 6 0 0 9 13 23 24 14 0 0 0 0 0 0 0 0 0 0 0 0 0
0 0 0 0 0 0 0 0 0 0 0 0 0 0 13 14 6 0 0 0 10 5 25 13 0 0 25 0 0 0 0 0 0 0 0 0 0 10 16 0 0 13 21 13 13 14 23 14 0 0 0 0 0 0 0 0 0 0 0 0
0 0 0 0 0 0 0 0 0 0 0 0 0 13 8 2 0 0 0 0 0 13 11 13 19 0 0 1 2 5 9 12 12 5 9 9 20 6 0 14 14 14 9 0 0 0 14 14 18 0 0 0 0 0 0 0 0 0 0 0
0 0 0 0 0 0 0 0 0 0 10 23 13 13 13 13 13 13 14 14 14 13 14 14 13 7 0 0 0 0 0 0 0 0 0 0 0 0 13 13 13 2 0 0 0 0 13 11 13 16 0 0 0 0 0 0 0 0 0 0
0 0 0 0 0 0 0 0 13 1 0 0 0 9 20 9 20 20 20 20 13 20 20 13 20 23 8 8 8 20 8 20 7 8 17 7 10 13 14 13 19 0 0 0 0 0 22 14 25 13 16 0 0 0 0 0 0 0 0 0
0 0 0 0 0 0 13 9 0 0 0 0 0 0 0 0 0 0 0 0 0 0 0 0 0 0 0 0 0 0 0 0 0 0 0 0 0 0 0 20 20 20 13 13 7 20 26 13 8 6 14 0 0 0 0 0 0 0 0 0
0 0 0 0 0 5 0 0 0 0 0 0 0 1 2 20 20 23 13 2 7 2 10 12 0 0 0 0 0 0 0 0 0 0 0 0 0 0 0 0 0 0 0 0 0 0 0 20 20 23 13 0 0 0 0 0 0 0 0 0
0 0 0 0 13 0 0 0 0 0 0 0 0 1 0 0 0 13 12 9 14 13 13 9 9 20 12 0 0 0 0 0 0 0 0 0 0 0 1 9 9 9 9 12 0 0 0 0 0 0 0 20 0 0 0 0 0 0 0 0
0 0 0 2 0 0 0 0 0 0 0 0 0 0 19 0 0 14 13 14 14 13 13 0 0 9 5 16 0 0 0 0 0 0 5 20 20 13 2 2 20 9 13 14 14 20 12 12 0 0 0 0 9 13 0 0 0 0 0 0
0 0 1 9 0 0 0 0 0 0 0 0 0 0 0 13 10 13 13 13 13 2 5 12 10 5 0 0 0 0 0 0 0 0 20 16 0 0 0 13 14 13 13 13 13 0 0 10 8 0 0 0 0 0 20 7 0 0 0 0
0 0 4 2 0 0 0 0 0 0 0 0 0 0 0 0 9 7 14 10 10 14 13 5 0 0 0 0 0 0 0 0 0 0 0 23 13 12 13 13 13 13 13 9 13 0 14 4 0 0 0 0 0 0 0 9 16 0 0 0
0 0 22 13 0 0 0 0 0 0 0 0 0 0 0 0 0 0 0 0 0 0 0 0 0 0 0 0 0 0 0 0 0 0 0 0 0 20 13 13 13 2 9 14 2 20 14 0 0 0 0 0 0 0 0 0 2 0 0 0
0 0 0 5 13 0 0 0 2 7 13 13 13 13 13 13 13 2 9 0 0 0 0 0 0 0 0 0 0 0 0 0 0 0 0 0 0 0 0 9 20 20 9 0 0 0 0 0 0 0 0 0 0 0 0 0 19 0 0 0
0 0 0 0 20 13 12 0 0 0 0 0 0 0 0 0 0 0 0 0 0 0 0 0 0 21 14 7 2 20 24 0 0 0 0 0 0 0 0 0 0 0 0 0 0 0 0 0 0 0 0 0 0 0 0 9 6 0 0 0
0 0 0 0 0 0 9 14 14 0 0 20 20 13 13 20 13 9 0 0 10 0 0 0 0 0 0 9 23 13 9 0 0 0 0 0 0 0 10 6 0 0 7 0 0 9 20 13 13 14 2 0 0 0 0 5 0 0 0 0
0 0 0 0 0 0 0 0 20 13 14 0 0 0 0 0 0 0 0 13 9 0 0 0 0 0 0 0 0 13 11 0 0 0 0 0 0 0 14 9 0 0 0 20 25 14 7 0 0 0 0 9 1 14 7 0 0 0 0 0
0 0 0 0 0 0 0 0 0 0 9 13 13 20 0 0 0 0 0 9 12 0 0 0 0 0 0 0 14 13 14 0 0 0 0 0 0 0 6 0 0 0 0 0 0 0 0 9 9 20 14 14 4 14 0 0 0 0 0 0
0 0 0 0 0 0 0 0 0 0 0 0 0 0 20 2 9 0 0 0 0 9 9 20 21 7 13 20 0 0 20 23 7 7 2 12 7 6 0 0 0 0 0 0 0 0 0 0 0 0 5 5 0 0 0 0 0 0 0 0

0 0 0 0 0 0 0 0 0 0 0 0 0 0 0 0 0 0 0 0 0 0 0 0 0 9 20 5 20 5 2 5 7 20 5 14 14 5 11 5 2 0 0 0 0 0 0 0 0 0 0 0 0 0 0 0 0 0 0 0


输出样本4
................................B...........................
...................MMN...J.....OXN..........................
.................mwgyxmj.jl....siw....jjn...jn..............
...............ime...wknn...liaus...iljycjf...imwxn.............
..............mnf...jeym...y..........jp...mummnwn............
.............mhb.....mkms.Abeilleiitf.nni...nnr...........
..........jwmmmmnnnmnnmg............mmmb....mkmp..........
........ma...itittttmttmtwhhhthtghqgjmnms_901vnymp.........
......MI...............................TTTMMGTZMHFN.........
.....e.......abttwmbgbjl.......................ttwm.........
....m........a...mlinmmiitl...........aiiiil.......t........
...b..........s...nmnnmm...iep......ettmbbtimnntll....im......
...ai...........mjmmmmbelje........tp...mnmmmm.jh.....tg....
...db............ignjjnme_901wmlmmmmmim.nd.......ip...
...vm.................................tmmmbinbtn.........b...
...em...bgmmmmmbi....................itti.............s...
....TML..................UNGBTX........................IF...
......inn...ttmmtmi...j......iwmi.......jf...g.itmmnb....e....
........tmn........mi_00mk_901ni...tyng....iang.....
..........immt.....il.......nmn.......f_03iitnndn......
..............tbi....iitugmt.twggblgf............ee........
.................ttiitxjlj........tt.....tggmvbeib..........
......................... itetebegtennekeb...................
............................................................
